{
 "cells": [
  {
   "cell_type": "code",
   "execution_count": 1,
   "metadata": {},
   "outputs": [],
   "source": [
    "import pandas as pd\n",
    "import seaborn as sns\n",
    "import matplotlib.pyplot as plt\n",
    "import numpy as np"
   ]
  },
  {
   "cell_type": "code",
   "execution_count": 2,
   "metadata": {},
   "outputs": [],
   "source": [
    "df = sns.load_dataset('titanic')\n",
    "df2 = sns.load_dataset('iris')"
   ]
  },
  {
   "cell_type": "code",
   "execution_count": 3,
   "metadata": {},
   "outputs": [
    {
     "data": {
      "text/plain": [
       "Index(['survived', 'pclass', 'sex', 'age', 'sibsp', 'parch', 'fare',\n",
       "       'embarked', 'class', 'who', 'adult_male', 'deck', 'embark_town',\n",
       "       'alive', 'alone'],\n",
       "      dtype='object')"
      ]
     },
     "execution_count": 3,
     "metadata": {},
     "output_type": "execute_result"
    }
   ],
   "source": [
    "df.columns"
   ]
  },
  {
   "cell_type": "code",
   "execution_count": 4,
   "metadata": {},
   "outputs": [
    {
     "data": {
      "text/plain": [
       "array([[          nan,           nan],\n",
       "       [          nan, 2469.43684574]])"
      ]
     },
     "execution_count": 4,
     "metadata": {},
     "output_type": "execute_result"
    }
   ],
   "source": [
    "np.cov(df['age'],df['fare'])"
   ]
  },
  {
   "cell_type": "code",
   "execution_count": 5,
   "metadata": {},
   "outputs": [
    {
     "name": "stderr",
     "output_type": "stream",
     "text": [
      "C:\\Users\\Waqar Haider\\AppData\\Local\\Temp\\ipykernel_17948\\2886420612.py:1: FutureWarning: The default value of numeric_only in DataFrame.corr is deprecated. In a future version, it will default to False. Select only valid columns or specify the value of numeric_only to silence this warning.\n",
      "  df.corr()  # Simple correlation\n"
     ]
    },
    {
     "data": {
      "text/html": [
       "<div>\n",
       "<style scoped>\n",
       "    .dataframe tbody tr th:only-of-type {\n",
       "        vertical-align: middle;\n",
       "    }\n",
       "\n",
       "    .dataframe tbody tr th {\n",
       "        vertical-align: top;\n",
       "    }\n",
       "\n",
       "    .dataframe thead th {\n",
       "        text-align: right;\n",
       "    }\n",
       "</style>\n",
       "<table border=\"1\" class=\"dataframe\">\n",
       "  <thead>\n",
       "    <tr style=\"text-align: right;\">\n",
       "      <th></th>\n",
       "      <th>survived</th>\n",
       "      <th>pclass</th>\n",
       "      <th>age</th>\n",
       "      <th>sibsp</th>\n",
       "      <th>parch</th>\n",
       "      <th>fare</th>\n",
       "      <th>adult_male</th>\n",
       "      <th>alone</th>\n",
       "    </tr>\n",
       "  </thead>\n",
       "  <tbody>\n",
       "    <tr>\n",
       "      <th>survived</th>\n",
       "      <td>1.000000</td>\n",
       "      <td>-0.338481</td>\n",
       "      <td>-0.077221</td>\n",
       "      <td>-0.035322</td>\n",
       "      <td>0.081629</td>\n",
       "      <td>0.257307</td>\n",
       "      <td>-0.557080</td>\n",
       "      <td>-0.203367</td>\n",
       "    </tr>\n",
       "    <tr>\n",
       "      <th>pclass</th>\n",
       "      <td>-0.338481</td>\n",
       "      <td>1.000000</td>\n",
       "      <td>-0.369226</td>\n",
       "      <td>0.083081</td>\n",
       "      <td>0.018443</td>\n",
       "      <td>-0.549500</td>\n",
       "      <td>0.094035</td>\n",
       "      <td>0.135207</td>\n",
       "    </tr>\n",
       "    <tr>\n",
       "      <th>age</th>\n",
       "      <td>-0.077221</td>\n",
       "      <td>-0.369226</td>\n",
       "      <td>1.000000</td>\n",
       "      <td>-0.308247</td>\n",
       "      <td>-0.189119</td>\n",
       "      <td>0.096067</td>\n",
       "      <td>0.280328</td>\n",
       "      <td>0.198270</td>\n",
       "    </tr>\n",
       "    <tr>\n",
       "      <th>sibsp</th>\n",
       "      <td>-0.035322</td>\n",
       "      <td>0.083081</td>\n",
       "      <td>-0.308247</td>\n",
       "      <td>1.000000</td>\n",
       "      <td>0.414838</td>\n",
       "      <td>0.159651</td>\n",
       "      <td>-0.253586</td>\n",
       "      <td>-0.584471</td>\n",
       "    </tr>\n",
       "    <tr>\n",
       "      <th>parch</th>\n",
       "      <td>0.081629</td>\n",
       "      <td>0.018443</td>\n",
       "      <td>-0.189119</td>\n",
       "      <td>0.414838</td>\n",
       "      <td>1.000000</td>\n",
       "      <td>0.216225</td>\n",
       "      <td>-0.349943</td>\n",
       "      <td>-0.583398</td>\n",
       "    </tr>\n",
       "    <tr>\n",
       "      <th>fare</th>\n",
       "      <td>0.257307</td>\n",
       "      <td>-0.549500</td>\n",
       "      <td>0.096067</td>\n",
       "      <td>0.159651</td>\n",
       "      <td>0.216225</td>\n",
       "      <td>1.000000</td>\n",
       "      <td>-0.182024</td>\n",
       "      <td>-0.271832</td>\n",
       "    </tr>\n",
       "    <tr>\n",
       "      <th>adult_male</th>\n",
       "      <td>-0.557080</td>\n",
       "      <td>0.094035</td>\n",
       "      <td>0.280328</td>\n",
       "      <td>-0.253586</td>\n",
       "      <td>-0.349943</td>\n",
       "      <td>-0.182024</td>\n",
       "      <td>1.000000</td>\n",
       "      <td>0.404744</td>\n",
       "    </tr>\n",
       "    <tr>\n",
       "      <th>alone</th>\n",
       "      <td>-0.203367</td>\n",
       "      <td>0.135207</td>\n",
       "      <td>0.198270</td>\n",
       "      <td>-0.584471</td>\n",
       "      <td>-0.583398</td>\n",
       "      <td>-0.271832</td>\n",
       "      <td>0.404744</td>\n",
       "      <td>1.000000</td>\n",
       "    </tr>\n",
       "  </tbody>\n",
       "</table>\n",
       "</div>"
      ],
      "text/plain": [
       "            survived    pclass       age     sibsp     parch      fare  \\\n",
       "survived    1.000000 -0.338481 -0.077221 -0.035322  0.081629  0.257307   \n",
       "pclass     -0.338481  1.000000 -0.369226  0.083081  0.018443 -0.549500   \n",
       "age        -0.077221 -0.369226  1.000000 -0.308247 -0.189119  0.096067   \n",
       "sibsp      -0.035322  0.083081 -0.308247  1.000000  0.414838  0.159651   \n",
       "parch       0.081629  0.018443 -0.189119  0.414838  1.000000  0.216225   \n",
       "fare        0.257307 -0.549500  0.096067  0.159651  0.216225  1.000000   \n",
       "adult_male -0.557080  0.094035  0.280328 -0.253586 -0.349943 -0.182024   \n",
       "alone      -0.203367  0.135207  0.198270 -0.584471 -0.583398 -0.271832   \n",
       "\n",
       "            adult_male     alone  \n",
       "survived     -0.557080 -0.203367  \n",
       "pclass        0.094035  0.135207  \n",
       "age           0.280328  0.198270  \n",
       "sibsp        -0.253586 -0.584471  \n",
       "parch        -0.349943 -0.583398  \n",
       "fare         -0.182024 -0.271832  \n",
       "adult_male    1.000000  0.404744  \n",
       "alone         0.404744  1.000000  "
      ]
     },
     "execution_count": 5,
     "metadata": {},
     "output_type": "execute_result"
    }
   ],
   "source": [
    "df.corr()  # Simple correlation"
   ]
  },
  {
   "cell_type": "code",
   "execution_count": 6,
   "metadata": {},
   "outputs": [
    {
     "name": "stderr",
     "output_type": "stream",
     "text": [
      "C:\\Users\\Waqar Haider\\AppData\\Local\\Temp\\ipykernel_17948\\3029537436.py:2: FutureWarning: The default value of numeric_only in DataFrame.corr is deprecated. In a future version, it will default to False. Select only valid columns or specify the value of numeric_only to silence this warning.\n",
      "  corr1 = df.corr(method='pearson')\n"
     ]
    },
    {
     "data": {
      "text/html": [
       "<div>\n",
       "<style scoped>\n",
       "    .dataframe tbody tr th:only-of-type {\n",
       "        vertical-align: middle;\n",
       "    }\n",
       "\n",
       "    .dataframe tbody tr th {\n",
       "        vertical-align: top;\n",
       "    }\n",
       "\n",
       "    .dataframe thead th {\n",
       "        text-align: right;\n",
       "    }\n",
       "</style>\n",
       "<table border=\"1\" class=\"dataframe\">\n",
       "  <thead>\n",
       "    <tr style=\"text-align: right;\">\n",
       "      <th></th>\n",
       "      <th>survived</th>\n",
       "      <th>pclass</th>\n",
       "      <th>age</th>\n",
       "      <th>sibsp</th>\n",
       "      <th>parch</th>\n",
       "      <th>fare</th>\n",
       "      <th>adult_male</th>\n",
       "      <th>alone</th>\n",
       "    </tr>\n",
       "  </thead>\n",
       "  <tbody>\n",
       "    <tr>\n",
       "      <th>survived</th>\n",
       "      <td>1.000000</td>\n",
       "      <td>-0.338481</td>\n",
       "      <td>-0.077221</td>\n",
       "      <td>-0.035322</td>\n",
       "      <td>0.081629</td>\n",
       "      <td>0.257307</td>\n",
       "      <td>-0.557080</td>\n",
       "      <td>-0.203367</td>\n",
       "    </tr>\n",
       "    <tr>\n",
       "      <th>pclass</th>\n",
       "      <td>-0.338481</td>\n",
       "      <td>1.000000</td>\n",
       "      <td>-0.369226</td>\n",
       "      <td>0.083081</td>\n",
       "      <td>0.018443</td>\n",
       "      <td>-0.549500</td>\n",
       "      <td>0.094035</td>\n",
       "      <td>0.135207</td>\n",
       "    </tr>\n",
       "    <tr>\n",
       "      <th>age</th>\n",
       "      <td>-0.077221</td>\n",
       "      <td>-0.369226</td>\n",
       "      <td>1.000000</td>\n",
       "      <td>-0.308247</td>\n",
       "      <td>-0.189119</td>\n",
       "      <td>0.096067</td>\n",
       "      <td>0.280328</td>\n",
       "      <td>0.198270</td>\n",
       "    </tr>\n",
       "    <tr>\n",
       "      <th>sibsp</th>\n",
       "      <td>-0.035322</td>\n",
       "      <td>0.083081</td>\n",
       "      <td>-0.308247</td>\n",
       "      <td>1.000000</td>\n",
       "      <td>0.414838</td>\n",
       "      <td>0.159651</td>\n",
       "      <td>-0.253586</td>\n",
       "      <td>-0.584471</td>\n",
       "    </tr>\n",
       "    <tr>\n",
       "      <th>parch</th>\n",
       "      <td>0.081629</td>\n",
       "      <td>0.018443</td>\n",
       "      <td>-0.189119</td>\n",
       "      <td>0.414838</td>\n",
       "      <td>1.000000</td>\n",
       "      <td>0.216225</td>\n",
       "      <td>-0.349943</td>\n",
       "      <td>-0.583398</td>\n",
       "    </tr>\n",
       "    <tr>\n",
       "      <th>fare</th>\n",
       "      <td>0.257307</td>\n",
       "      <td>-0.549500</td>\n",
       "      <td>0.096067</td>\n",
       "      <td>0.159651</td>\n",
       "      <td>0.216225</td>\n",
       "      <td>1.000000</td>\n",
       "      <td>-0.182024</td>\n",
       "      <td>-0.271832</td>\n",
       "    </tr>\n",
       "    <tr>\n",
       "      <th>adult_male</th>\n",
       "      <td>-0.557080</td>\n",
       "      <td>0.094035</td>\n",
       "      <td>0.280328</td>\n",
       "      <td>-0.253586</td>\n",
       "      <td>-0.349943</td>\n",
       "      <td>-0.182024</td>\n",
       "      <td>1.000000</td>\n",
       "      <td>0.404744</td>\n",
       "    </tr>\n",
       "    <tr>\n",
       "      <th>alone</th>\n",
       "      <td>-0.203367</td>\n",
       "      <td>0.135207</td>\n",
       "      <td>0.198270</td>\n",
       "      <td>-0.584471</td>\n",
       "      <td>-0.583398</td>\n",
       "      <td>-0.271832</td>\n",
       "      <td>0.404744</td>\n",
       "      <td>1.000000</td>\n",
       "    </tr>\n",
       "  </tbody>\n",
       "</table>\n",
       "</div>"
      ],
      "text/plain": [
       "            survived    pclass       age     sibsp     parch      fare  \\\n",
       "survived    1.000000 -0.338481 -0.077221 -0.035322  0.081629  0.257307   \n",
       "pclass     -0.338481  1.000000 -0.369226  0.083081  0.018443 -0.549500   \n",
       "age        -0.077221 -0.369226  1.000000 -0.308247 -0.189119  0.096067   \n",
       "sibsp      -0.035322  0.083081 -0.308247  1.000000  0.414838  0.159651   \n",
       "parch       0.081629  0.018443 -0.189119  0.414838  1.000000  0.216225   \n",
       "fare        0.257307 -0.549500  0.096067  0.159651  0.216225  1.000000   \n",
       "adult_male -0.557080  0.094035  0.280328 -0.253586 -0.349943 -0.182024   \n",
       "alone      -0.203367  0.135207  0.198270 -0.584471 -0.583398 -0.271832   \n",
       "\n",
       "            adult_male     alone  \n",
       "survived     -0.557080 -0.203367  \n",
       "pclass        0.094035  0.135207  \n",
       "age           0.280328  0.198270  \n",
       "sibsp        -0.253586 -0.584471  \n",
       "parch        -0.349943 -0.583398  \n",
       "fare         -0.182024 -0.271832  \n",
       "adult_male    1.000000  0.404744  \n",
       "alone         0.404744  1.000000  "
      ]
     },
     "execution_count": 6,
     "metadata": {},
     "output_type": "execute_result"
    }
   ],
   "source": [
    "#Pearson correlation ( for normal data)\n",
    "corr1 = df.corr(method='pearson')\n",
    "corr1"
   ]
  },
  {
   "cell_type": "code",
   "execution_count": 7,
   "metadata": {},
   "outputs": [
    {
     "name": "stderr",
     "output_type": "stream",
     "text": [
      "C:\\Users\\Waqar Haider\\AppData\\Local\\Temp\\ipykernel_17948\\1948295572.py:2: FutureWarning: The default value of numeric_only in DataFrame.corr is deprecated. In a future version, it will default to False. Select only valid columns or specify the value of numeric_only to silence this warning.\n",
      "  corr2 = df.corr(method='spearman')\n"
     ]
    },
    {
     "data": {
      "text/html": [
       "<div>\n",
       "<style scoped>\n",
       "    .dataframe tbody tr th:only-of-type {\n",
       "        vertical-align: middle;\n",
       "    }\n",
       "\n",
       "    .dataframe tbody tr th {\n",
       "        vertical-align: top;\n",
       "    }\n",
       "\n",
       "    .dataframe thead th {\n",
       "        text-align: right;\n",
       "    }\n",
       "</style>\n",
       "<table border=\"1\" class=\"dataframe\">\n",
       "  <thead>\n",
       "    <tr style=\"text-align: right;\">\n",
       "      <th></th>\n",
       "      <th>survived</th>\n",
       "      <th>pclass</th>\n",
       "      <th>age</th>\n",
       "      <th>sibsp</th>\n",
       "      <th>parch</th>\n",
       "      <th>fare</th>\n",
       "      <th>adult_male</th>\n",
       "      <th>alone</th>\n",
       "    </tr>\n",
       "  </thead>\n",
       "  <tbody>\n",
       "    <tr>\n",
       "      <th>survived</th>\n",
       "      <td>1.000000</td>\n",
       "      <td>-0.339668</td>\n",
       "      <td>-0.052565</td>\n",
       "      <td>0.088879</td>\n",
       "      <td>0.138266</td>\n",
       "      <td>0.323736</td>\n",
       "      <td>-0.557080</td>\n",
       "      <td>-0.203367</td>\n",
       "    </tr>\n",
       "    <tr>\n",
       "      <th>pclass</th>\n",
       "      <td>-0.339668</td>\n",
       "      <td>1.000000</td>\n",
       "      <td>-0.361666</td>\n",
       "      <td>-0.043019</td>\n",
       "      <td>-0.022801</td>\n",
       "      <td>-0.688032</td>\n",
       "      <td>0.099351</td>\n",
       "      <td>0.135896</td>\n",
       "    </tr>\n",
       "    <tr>\n",
       "      <th>age</th>\n",
       "      <td>-0.052565</td>\n",
       "      <td>-0.361666</td>\n",
       "      <td>1.000000</td>\n",
       "      <td>-0.182061</td>\n",
       "      <td>-0.254212</td>\n",
       "      <td>0.135051</td>\n",
       "      <td>0.257641</td>\n",
       "      <td>0.167293</td>\n",
       "    </tr>\n",
       "    <tr>\n",
       "      <th>sibsp</th>\n",
       "      <td>0.088879</td>\n",
       "      <td>-0.043019</td>\n",
       "      <td>-0.182061</td>\n",
       "      <td>1.000000</td>\n",
       "      <td>0.450014</td>\n",
       "      <td>0.447113</td>\n",
       "      <td>-0.307948</td>\n",
       "      <td>-0.828215</td>\n",
       "    </tr>\n",
       "    <tr>\n",
       "      <th>parch</th>\n",
       "      <td>0.138266</td>\n",
       "      <td>-0.022801</td>\n",
       "      <td>-0.254212</td>\n",
       "      <td>0.450014</td>\n",
       "      <td>1.000000</td>\n",
       "      <td>0.410074</td>\n",
       "      <td>-0.397286</td>\n",
       "      <td>-0.683719</td>\n",
       "    </tr>\n",
       "    <tr>\n",
       "      <th>fare</th>\n",
       "      <td>0.323736</td>\n",
       "      <td>-0.688032</td>\n",
       "      <td>0.135051</td>\n",
       "      <td>0.447113</td>\n",
       "      <td>0.410074</td>\n",
       "      <td>1.000000</td>\n",
       "      <td>-0.308894</td>\n",
       "      <td>-0.531472</td>\n",
       "    </tr>\n",
       "    <tr>\n",
       "      <th>adult_male</th>\n",
       "      <td>-0.557080</td>\n",
       "      <td>0.099351</td>\n",
       "      <td>0.257641</td>\n",
       "      <td>-0.307948</td>\n",
       "      <td>-0.397286</td>\n",
       "      <td>-0.308894</td>\n",
       "      <td>1.000000</td>\n",
       "      <td>0.404744</td>\n",
       "    </tr>\n",
       "    <tr>\n",
       "      <th>alone</th>\n",
       "      <td>-0.203367</td>\n",
       "      <td>0.135896</td>\n",
       "      <td>0.167293</td>\n",
       "      <td>-0.828215</td>\n",
       "      <td>-0.683719</td>\n",
       "      <td>-0.531472</td>\n",
       "      <td>0.404744</td>\n",
       "      <td>1.000000</td>\n",
       "    </tr>\n",
       "  </tbody>\n",
       "</table>\n",
       "</div>"
      ],
      "text/plain": [
       "            survived    pclass       age     sibsp     parch      fare  \\\n",
       "survived    1.000000 -0.339668 -0.052565  0.088879  0.138266  0.323736   \n",
       "pclass     -0.339668  1.000000 -0.361666 -0.043019 -0.022801 -0.688032   \n",
       "age        -0.052565 -0.361666  1.000000 -0.182061 -0.254212  0.135051   \n",
       "sibsp       0.088879 -0.043019 -0.182061  1.000000  0.450014  0.447113   \n",
       "parch       0.138266 -0.022801 -0.254212  0.450014  1.000000  0.410074   \n",
       "fare        0.323736 -0.688032  0.135051  0.447113  0.410074  1.000000   \n",
       "adult_male -0.557080  0.099351  0.257641 -0.307948 -0.397286 -0.308894   \n",
       "alone      -0.203367  0.135896  0.167293 -0.828215 -0.683719 -0.531472   \n",
       "\n",
       "            adult_male     alone  \n",
       "survived     -0.557080 -0.203367  \n",
       "pclass        0.099351  0.135896  \n",
       "age           0.257641  0.167293  \n",
       "sibsp        -0.307948 -0.828215  \n",
       "parch        -0.397286 -0.683719  \n",
       "fare         -0.308894 -0.531472  \n",
       "adult_male    1.000000  0.404744  \n",
       "alone         0.404744  1.000000  "
      ]
     },
     "execution_count": 7,
     "metadata": {},
     "output_type": "execute_result"
    }
   ],
   "source": [
    "#Spearman correlation (For non-normal data)\n",
    "corr2 = df.corr(method='spearman')\n",
    "corr2"
   ]
  },
  {
   "cell_type": "code",
   "execution_count": 10,
   "metadata": {},
   "outputs": [
    {
     "data": {
      "text/html": [
       "<div>\n",
       "<style scoped>\n",
       "    .dataframe tbody tr th:only-of-type {\n",
       "        vertical-align: middle;\n",
       "    }\n",
       "\n",
       "    .dataframe tbody tr th {\n",
       "        vertical-align: top;\n",
       "    }\n",
       "\n",
       "    .dataframe thead th {\n",
       "        text-align: right;\n",
       "    }\n",
       "</style>\n",
       "<table border=\"1\" class=\"dataframe\">\n",
       "  <thead>\n",
       "    <tr style=\"text-align: right;\">\n",
       "      <th></th>\n",
       "      <th>survived</th>\n",
       "      <th>pclass</th>\n",
       "      <th>sex</th>\n",
       "      <th>age</th>\n",
       "      <th>sibsp</th>\n",
       "      <th>parch</th>\n",
       "      <th>fare</th>\n",
       "      <th>embarked</th>\n",
       "      <th>class</th>\n",
       "      <th>who</th>\n",
       "      <th>adult_male</th>\n",
       "      <th>deck</th>\n",
       "      <th>embark_town</th>\n",
       "      <th>alive</th>\n",
       "      <th>alone</th>\n",
       "    </tr>\n",
       "  </thead>\n",
       "  <tbody>\n",
       "    <tr>\n",
       "      <th>0</th>\n",
       "      <td>0</td>\n",
       "      <td>3</td>\n",
       "      <td>male</td>\n",
       "      <td>22.0</td>\n",
       "      <td>1</td>\n",
       "      <td>0</td>\n",
       "      <td>7.2500</td>\n",
       "      <td>S</td>\n",
       "      <td>Third</td>\n",
       "      <td>man</td>\n",
       "      <td>True</td>\n",
       "      <td>NaN</td>\n",
       "      <td>Southampton</td>\n",
       "      <td>no</td>\n",
       "      <td>False</td>\n",
       "    </tr>\n",
       "    <tr>\n",
       "      <th>1</th>\n",
       "      <td>1</td>\n",
       "      <td>1</td>\n",
       "      <td>female</td>\n",
       "      <td>38.0</td>\n",
       "      <td>1</td>\n",
       "      <td>0</td>\n",
       "      <td>71.2833</td>\n",
       "      <td>C</td>\n",
       "      <td>First</td>\n",
       "      <td>woman</td>\n",
       "      <td>False</td>\n",
       "      <td>C</td>\n",
       "      <td>Cherbourg</td>\n",
       "      <td>yes</td>\n",
       "      <td>False</td>\n",
       "    </tr>\n",
       "    <tr>\n",
       "      <th>2</th>\n",
       "      <td>1</td>\n",
       "      <td>3</td>\n",
       "      <td>female</td>\n",
       "      <td>26.0</td>\n",
       "      <td>0</td>\n",
       "      <td>0</td>\n",
       "      <td>7.9250</td>\n",
       "      <td>S</td>\n",
       "      <td>Third</td>\n",
       "      <td>woman</td>\n",
       "      <td>False</td>\n",
       "      <td>NaN</td>\n",
       "      <td>Southampton</td>\n",
       "      <td>yes</td>\n",
       "      <td>True</td>\n",
       "    </tr>\n",
       "    <tr>\n",
       "      <th>3</th>\n",
       "      <td>1</td>\n",
       "      <td>1</td>\n",
       "      <td>female</td>\n",
       "      <td>35.0</td>\n",
       "      <td>1</td>\n",
       "      <td>0</td>\n",
       "      <td>53.1000</td>\n",
       "      <td>S</td>\n",
       "      <td>First</td>\n",
       "      <td>woman</td>\n",
       "      <td>False</td>\n",
       "      <td>C</td>\n",
       "      <td>Southampton</td>\n",
       "      <td>yes</td>\n",
       "      <td>False</td>\n",
       "    </tr>\n",
       "    <tr>\n",
       "      <th>4</th>\n",
       "      <td>0</td>\n",
       "      <td>3</td>\n",
       "      <td>male</td>\n",
       "      <td>35.0</td>\n",
       "      <td>0</td>\n",
       "      <td>0</td>\n",
       "      <td>8.0500</td>\n",
       "      <td>S</td>\n",
       "      <td>Third</td>\n",
       "      <td>man</td>\n",
       "      <td>True</td>\n",
       "      <td>NaN</td>\n",
       "      <td>Southampton</td>\n",
       "      <td>no</td>\n",
       "      <td>True</td>\n",
       "    </tr>\n",
       "  </tbody>\n",
       "</table>\n",
       "</div>"
      ],
      "text/plain": [
       "   survived  pclass     sex   age  sibsp  parch     fare embarked  class  \\\n",
       "0         0       3    male  22.0      1      0   7.2500        S  Third   \n",
       "1         1       1  female  38.0      1      0  71.2833        C  First   \n",
       "2         1       3  female  26.0      0      0   7.9250        S  Third   \n",
       "3         1       1  female  35.0      1      0  53.1000        S  First   \n",
       "4         0       3    male  35.0      0      0   8.0500        S  Third   \n",
       "\n",
       "     who  adult_male deck  embark_town alive  alone  \n",
       "0    man        True  NaN  Southampton    no  False  \n",
       "1  woman       False    C    Cherbourg   yes  False  \n",
       "2  woman       False  NaN  Southampton   yes   True  \n",
       "3  woman       False    C  Southampton   yes  False  \n",
       "4    man        True  NaN  Southampton    no   True  "
      ]
     },
     "execution_count": 10,
     "metadata": {},
     "output_type": "execute_result"
    }
   ],
   "source": [
    "df.head()"
   ]
  },
  {
   "cell_type": "code",
   "execution_count": 15,
   "metadata": {},
   "outputs": [
    {
     "data": {
      "text/plain": [
       "<AxesSubplot: >"
      ]
     },
     "execution_count": 15,
     "metadata": {},
     "output_type": "execute_result"
    },
    {
     "data": {
